99999999999999999999999999999999999999999999999999999999999999999999999999999999
99999999911111111111999999999911111111111119111111111111111111111111999999999999
99991111111999999991111119999999919999919999999991999991999999999991999999999999
99999999991999999991999919999919919919919999999991999991111111199991111111119999
91111111111911111111111111199111111991111111119991111111199999999999999999919999
99999999999999991999999919999919999919919999999991999991111111111111911111119999
91999999999999991999991119999919999919919999111111911199999999919999999999999999
9199999999999999199999199999991999991191999911999191919911111191999111111@11111F
11111111111111111111191111111119999919911111111991919111199991119999919999999999
99999999999919999999999999199999999919991999991991919999999991999999919999111119
91111111111111119999999999111111111119991111111991111111111111111111111111199999
99999999999999999999999999999999999999999999999999999999999999999999999999999999
